liurui@ubuntu:~/DeepRec$ KERAS_BACKEND=theano python v5_3loss/MLP.py --learner adam --reg_layers [0,0.0001,0.0002,0.0004] --lr 0.00001 
Using Theano backend.
MLP arguments: Namespace(batch_size=256, batch_size_random=256000, epochs=100, layers='[64,32,16,8]', learner='adam', loss_weights='[1., 0.2, 0.2]', lr=1e-05, path='Data/yelp/', reg_layers='[0,0.0001,0.0002,0.0004]', verbose=1) 
Load data done [161.4 s]. #user=13679, #item=12922, #train=15651858, #test=316795
Time: [76.7], Init: NDCG = 
(array([ 0.56156675,  0.56511464,  0.57248472,  0.58267408,  0.59520909,
        0.60979385,  0.62653435,  0.64531129,  0.66540816,  0.68759769]), array([ 0.55697865,  0.56304703,  0.57170076,  0.58197651,  0.59539207,
        0.61085649,  0.62771242,  0.64637113,  0.66676412,  0.68857179]), array([ 0.55660982,  0.56559563,  0.57386265,  0.58484797,  0.59728448,
        0.61201757,  0.62859131,  0.64667895,  0.6669482 ,  0.68913922]))
Iteration 0 [30.2 s]: loss = 3.760008 [78.04 s],
NDCG_rank: [ 0.55295952  0.55805664  0.56608489  0.57759562  0.58979329  0.60441348
  0.62112522  0.64028944  0.66108334  0.68354731]
NDCG_rating1: [ 0.57233222  0.57913613  0.58537153  0.59510715  0.60751542  0.62197238
  0.63797661  0.65546132  0.67533203  0.69671095]
NDCG_rating2: [ 0.5562516   0.55908012  0.56845479  0.57969093  0.59235962  0.60733228
  0.62369775  0.64278006  0.66321517  0.68548164]
Iteration 1 [20.6 s]: loss = 3.495970 [80.76 s],
NDCG_rank: [ 0.54787866  0.55013069  0.55747783  0.5679166   0.58130882  0.5969645
  0.61378248  0.63267039  0.65347789  0.67628079]
NDCG_rating1: [ 0.59503081  0.59769015  0.6032636   0.61244943  0.62403021  0.63663478
  0.65228319  0.66911808  0.68801503  0.70853728]
NDCG_rating2: [ 0.53451449  0.5440997   0.55363951  0.56537769  0.57926282  0.594922
  0.61269861  0.63194693  0.65299385  0.67556004]
Iteration 2 [20.8 s]: loss = 3.125688 [81.62 s],
NDCG_rank: [ 0.54371091  0.54581303  0.55305112  0.56303873  0.57614114  0.59131192
  0.60858402  0.62753068  0.64877925  0.67191696]
NDCG_rating1: [ 0.60476778  0.60832676  0.61454052  0.62188944  0.63246799  0.64483565
  0.66031517  0.67640898  0.69468118  0.71491046]
NDCG_rating2: [ 0.51118196  0.52336785  0.53461396  0.54708818  0.56164085  0.57800838
  0.59641128  0.61628637  0.63799409  0.66159418]
Iteration 3 [21.1 s]: loss = 2.643744 [81.33 s],
NDCG_rank: [ 0.54076376  0.54476768  0.55180235  0.56196879  0.57433644  0.58930681
  0.60579139  0.62522205  0.64639925  0.66969054]
NDCG_rating1: [ 0.61023633  0.61414151  0.61916495  0.62725972  0.63727311  0.64931915
  0.66379679  0.6799735   0.69824082  0.71816398]
NDCG_rating2: [ 0.48714795  0.49880817  0.51071976  0.52446393  0.53953858  0.55658404
  0.57663472  0.59694545  0.61981066  0.6446718 ]
Iteration 4 [20.9 s]: loss = 2.108883 [78.21 s],
NDCG_rank: [ 0.53824644  0.54238457  0.55067876  0.56047369  0.57262098  0.5873183
  0.60439415  0.62321811  0.64489726  0.66833582]
NDCG_rating1: [ 0.61462985  0.61887433  0.62319229  0.63077583  0.64087785  0.65281041
  0.6670856   0.68334446  0.70108224  0.72084125]
NDCG_rating2: [ 0.46311236  0.47454562  0.48914607  0.50342982  0.52021995  0.53815871
  0.55784162  0.57947567  0.60362571  0.62939385]
Iteration 5 [20.7 s]: loss = 1.620820 [81.07 s],
NDCG_rank: [ 0.53302885  0.53968129  0.5477663   0.55772276  0.56953609  0.58457202
  0.60178445  0.62100572  0.64246228  0.6660521 ]
NDCG_rating1: [ 0.61840582  0.62351485  0.62737304  0.63474269  0.64439209  0.6562463
  0.670499    0.68657361  0.70427582  0.72381951]
NDCG_rating2: [ 0.44222484  0.45708567  0.47048907  0.48676499  0.50402006  0.52270421
  0.5431137   0.56535488  0.58981911  0.61671005]
Iteration 6 [21.0 s]: loss = 1.288568 [81.48 s],
NDCG_rank: [ 0.52624127  0.53489168  0.54160131  0.55216779  0.56490926  0.57980629
  0.59719656  0.61644763  0.63837229  0.66235787]
NDCG_rating1: [ 0.62543363  0.62847837  0.63273681  0.64000047  0.64992461  0.66121667
  0.67539524  0.69136985  0.70868719  0.72772271]
NDCG_rating2: [ 0.42753786  0.44435242  0.45932432  0.4759038   0.49330868  0.51211355
  0.53330204  0.55634633  0.58147793  0.60838427]
Iteration 7 [21.0 s]: loss = 1.118334 [81.33 s],
NDCG_rank: [ 0.5151979   0.52583533  0.53389345  0.54434791  0.55756294  0.57300111
  0.59048529  0.61017796  0.63247873  0.65677639]
NDCG_rating1: [ 0.63840729  0.63906671  0.64140471  0.64828325  0.65774051  0.66910075
  0.68303415  0.69829137  0.71506007  0.73371176]
NDCG_rating2: [ 0.41730067  0.43533453  0.45099194  0.46784205  0.485942    0.50489159
  0.52643167  0.54937875  0.57497915  0.60266623]
Iteration 8 [21.1 s]: loss = 1.043195 [82.17 s],
NDCG_rank: [ 0.50506668  0.51588639  0.52469071  0.53578487  0.54991617  0.56573984
  0.58341256  0.60357476  0.62597043  0.65068673]
NDCG_rating1: [ 0.6513539   0.65007431  0.6520061   0.6575041   0.66681885  0.67767555
  0.69095516  0.70612025  0.72256176  0.74075105]
NDCG_rating2: [ 0.40928525  0.42848715  0.44489978  0.46178038  0.47978258  0.4995078
  0.52119446  0.5446101   0.57045481  0.5985952 ]
Iteration 9 [21.0 s]: loss = 1.003155 [82.76 s],
NDCG_rank: [ 0.49479994  0.50558968  0.51552228  0.52804628  0.54255229  0.55844657
  0.5765884   0.59727403  0.62010298  0.64484869]
NDCG_rating1: [ 0.66552931  0.66116177  0.66219906  0.6674114   0.67571979  0.68679283
  0.69934461  0.71424456  0.73028218  0.74813161]
NDCG_rating2: [ 0.40326204  0.42319646  0.44012264  0.45725021  0.47560034  0.49551407
  0.51729426  0.54113798  0.56717758  0.59568213]
Iteration 10 [21.2 s]: loss = 0.975063 [83.98 s],
NDCG_rank: [ 0.48356727  0.4954306   0.50734192  0.52060242  0.5353585   0.55212523
  0.57086054  0.59133259  0.61446266  0.63920558]
NDCG_rating1: [ 0.67835581  0.67349083  0.67283008  0.67726691  0.68536567  0.69611211
  0.70783679  0.72214223  0.73818522  0.75552362]
NDCG_rating2: [ 0.39779161  0.41856152  0.43561371  0.45335767  0.4718324   0.49216175
  0.51398914  0.53807157  0.56433024  0.59306093]
Iteration 11 [21.0 s]: loss = 0.952880 [83.82 s],
NDCG_rank: [ 0.47534653  0.48948938  0.50059638  0.51459011  0.53003338  0.5470191
  0.56596775  0.58675264  0.60986487  0.63485558]
NDCG_rating1: [ 0.69010634  0.68281224  0.68259703  0.68580131  0.69350451  0.70411798
  0.7156633   0.72936053  0.74500103  0.76220915]
NDCG_rating2: [ 0.39393168  0.41505739  0.43256815  0.45038413  0.46938211  0.48964749
  0.51163488  0.53576655  0.56222612  0.59109729]
Iteration 12 [21.0 s]: loss = 0.938307 [83.92 s],
NDCG_rank: [ 0.47104891  0.48511777  0.49609249  0.51070463  0.52596283  0.54340704
  0.56241264  0.5836085   0.60646679  0.63167742]
NDCG_rating1: [ 0.70045295  0.69242748  0.69098241  0.69399956  0.70154054  0.71135388
  0.72305033  0.73648827  0.75137499  0.76808569]
NDCG_rating2: [ 0.39156717  0.41286875  0.43072566  0.44838321  0.46689464  0.48760982
  0.50987823  0.53427523  0.56058894  0.58966532]
Iteration 13 [22.2 s]: loss = 0.925810 [86.55 s],
NDCG_rank: [ 0.46820521  0.48228236  0.4938261   0.50754597  0.52338504  0.54098935
  0.5598626   0.5810199   0.6042714   0.62944595]
NDCG_rating1: [ 0.71091023  0.70184735  0.69986284  0.70210254  0.7088036   0.71797998
  0.72983265  0.74286358  0.757744    0.77390718]
NDCG_rating2: [ 0.3883993   0.41041426  0.42776531  0.44585906  0.46478391  0.48578766
  0.50812865  0.53277287  0.55893251  0.58828103]
Iteration 14 [21.1 s]: loss = 0.914405 [85.13 s],
NDCG_rank: [ 0.4701399   0.48272255  0.49413411  0.50823341  0.52373401  0.54116481
  0.55980491  0.58090009  0.60382518  0.62883585]
NDCG_rating1: [ 0.71936585  0.70761182  0.70516406  0.70811487  0.71437078  0.72345467
  0.73468432  0.74778909  0.76237034  0.77820844]
NDCG_rating2: [ 0.38640519  0.40790443  0.42589064  0.44416151  0.4634547   0.48421626
  0.50656461  0.5312559   0.55790519  0.5871406 ]
Iteration 15 [21.2 s]: loss = 0.907124 [88.29 s],
NDCG_rank: [ 0.47170638  0.48372194  0.49509465  0.50837397  0.52401186  0.54118588
  0.56030938  0.58109743  0.60399676  0.6285308 ]
NDCG_rating1: [ 0.72652505  0.71448971  0.71076822  0.71360235  0.71926868  0.72829988
  0.7391678   0.75205274  0.76663047  0.78215156]
NDCG_rating2: [ 0.38221856  0.40446267  0.42330137  0.44241816  0.46144514  0.48285659
  0.50500518  0.52978099  0.55635282  0.58572555]
Iteration 16 [21.5 s]: loss = 0.899210 [116.25 s],
NDCG_rank: [ 0.47507706  0.48542461  0.49678341  0.50979098  0.52524107  0.54280771
  0.56212821  0.58255124  0.60486766  0.62902941]
NDCG_rating1: [ 0.73145183  0.71872006  0.71534612  0.7174847   0.72339585  0.73205774
  0.74296933  0.75573424  0.77031564  0.78554202]
NDCG_rating2: [ 0.38058542  0.40290364  0.422089    0.44108584  0.46014146  0.48122315
  0.50407505  0.52893509  0.55552266  0.58498744]
Iteration 17 [21.5 s]: loss = 0.894868 [152.13 s],
NDCG_rank: [ 0.48244822  0.49018589  0.50164173  0.51500597  0.52990472  0.54724153
  0.56618611  0.58643544  0.60871678  0.63202988]
NDCG_rating1: [ 0.73499199  0.72161372  0.71867682  0.72066105  0.72638812  0.73519676
  0.74654617  0.75881955  0.77310318  0.78816947]
NDCG_rating2: [ 0.3791859   0.40132327  0.42049496  0.43968391  0.45937418  0.48068874
  0.50332642  0.52787836  0.55469971  0.58419715]
Iteration 18 [21.8 s]: loss = 0.889797 [208.66 s],
NDCG_rank: [ 0.48783376  0.49537288  0.5068556   0.51992606  0.5355964   0.55180503
  0.57039091  0.59033519  0.61216003  0.63506886]
NDCG_rating1: [ 0.73893336  0.72461206  0.72185594  0.72378107  0.72848715  0.73766337
  0.7488255   0.76117907  0.77508347  0.79014226]
NDCG_rating2: [ 0.37854132  0.39988663  0.4188928   0.43825766  0.45848628  0.47967281
  0.50256119  0.5271901   0.55394112  0.58346631]
Iteration 19 [21.9 s]: loss = 0.884856 [257.93 s],
NDCG_rank: [ 0.49468203  0.50351251  0.5144453   0.52748188  0.54224295  0.55895491
  0.57699601  0.59672588  0.61805577  0.64011105]
NDCG_rating1: [ 0.7403442   0.72723137  0.72395699  0.72624521  0.73129468  0.73970205
  0.75063737  0.76293769  0.77666031  0.79155831]
NDCG_rating2: [ 0.37621706  0.39808028  0.41729676  0.43720087  0.45749289  0.47858826
  0.50147268  0.52649242  0.55318615  0.58266544]
Iteration 20 [22.5 s]: loss = 0.882687 [301.35 s],
NDCG_rank: [ 0.50474564  0.51409715  0.52493107  0.5378671   0.5525105   0.56876486
  0.58627622  0.60551504  0.62569484  0.6469083 ]
NDCG_rating1: [ 0.74312627  0.72994451  0.72600666  0.72821456  0.73364812  0.74197382
  0.75247778  0.76468037  0.77828535  0.7931641 ]
NDCG_rating2: [ 0.37551525  0.39736877  0.41618762  0.43604131  0.45687829  0.47821219
  0.50104095  0.52576225  0.55269678  0.58226406]
Iteration 21 [22.6 s]: loss = 0.878449 [326.57 s],
NDCG_rank: [ 0.5161198   0.5248856   0.53511016  0.54867273  0.56286135  0.57899551
  0.59526482  0.61379616  0.63347331  0.65375353]
NDCG_rating1: [ 0.74617403  0.73280252  0.72914808  0.73012578  0.73581885  0.74408625
  0.7541514   0.7664845   0.77995424  0.7946384 ]
NDCG_rating2: [ 0.37420565  0.3958577   0.41535157  0.4354802   0.45612321  0.47741394
  0.50011865  0.52512098  0.55217717  0.58181924]
Iteration 22 [23.0 s]: loss = 0.878556 [348.89 s],
NDCG_rank: [ 0.53089581  0.54018615  0.55078545  0.56259648  0.57675697  0.59209218
  0.60870615  0.62657052  0.64502493  0.66449004]
NDCG_rating1: [ 0.74747797  0.73371187  0.72994485  0.73120894  0.73704742  0.74509991
  0.75548402  0.7676407   0.78085288  0.79519867]
NDCG_rating2: [ 0.37211627  0.39406159  0.41431358  0.43448718  0.45501805  0.47636882
  0.49970232  0.52438336  0.55169354  0.58125574]
Iteration 23 [23.2 s]: loss = 0.874865 [376.28 s],
NDCG_rank: [ 0.54848515  0.55612602  0.56553107  0.57791522  0.59077719  0.60555831
  0.62202144  0.63919351  0.65725152  0.67611562]
NDCG_rating1: [ 0.74786409  0.73399317  0.73094899  0.7328216   0.73787366  0.74630557
  0.75687035  0.76841022  0.78170936  0.79610692]
NDCG_rating2: [ 0.37090792  0.39249176  0.4131631   0.43339878  0.4544531   0.47586784
  0.49878858  0.52368036  0.55113866  0.58057333]
Iteration 24 [23.6 s]: loss = 0.872171 [389.59 s],
NDCG_rank: [ 0.56871175  0.57617503  0.58489847  0.596222    0.608483    0.62250743
  0.63802108  0.65455114  0.67171783  0.69000083]
NDCG_rating1: [ 0.74863255  0.73484775  0.73198225  0.73331755  0.73856464  0.74657747
  0.75744044  0.76938464  0.78250938  0.79691967]
NDCG_rating2: [ 0.37074253  0.39165078  0.41237536  0.43264498  0.45391918  0.47522755
  0.49833674  0.52343355  0.55080639  0.58033453]
Iteration 25 [23.3 s]: loss = 0.870737 [395.71 s],
NDCG_rank: [ 0.59392707  0.60002065  0.6079863   0.61765573  0.62942994  0.64247794
  0.65778416  0.67377622  0.69036454  0.70785675]
NDCG_rating1: [ 0.74879134  0.73705829  0.73256685  0.73394085  0.7393586   0.74753595
  0.7584592   0.77023156  0.78331907  0.79764855]
NDCG_rating2: [ 0.37059601  0.39160873  0.41207673  0.43252321  0.45394975  0.47483895
  0.4979992   0.52328214  0.55061534  0.58016549]
Iteration 26 [23.7 s]: loss = 0.869426 [403.55 s],
NDCG_rank: [ 0.62219011  0.62495375  0.63247592  0.6413502   0.65212962  0.66470651
  0.67905588  0.69419099  0.70999271  0.72679907]
NDCG_rating1: [ 0.74927305  0.73720537  0.73388282  0.73471088  0.74032476  0.74857154
  0.75932275  0.77095952  0.78413654  0.79828396]
NDCG_rating2: [ 0.36998381  0.39085566  0.4118446   0.43207049  0.45330899  0.47450851
  0.49747984  0.52294563  0.55026082  0.57994355]
Iteration 27 [23.4 s]: loss = 0.867477 [402.88 s],
NDCG_rank: [ 0.65486401  0.65602148  0.662353    0.66951096  0.67905331  0.690229
  0.70350518  0.71772791  0.73300309  0.74874894]
NDCG_rating1: [ 0.75098889  0.73863953  0.73463684  0.73624425  0.74098607  0.74916824
  0.76007671  0.77174948  0.78472619  0.79905404]
NDCG_rating2: [ 0.36961782  0.39047644  0.41091118  0.43128028  0.4526852   0.47430865
  0.49736477  0.52281884  0.55035643  0.57964883]
Iteration 28 [23.9 s]: loss = 0.865709 [423.24 s],
NDCG_rank: [ 0.69067874  0.69132216  0.69380876  0.69992727  0.70770154  0.71812494
  0.73004849  0.74364681  0.75813912  0.77359061]
NDCG_rating1: [ 0.75123917  0.73892491  0.73525173  0.73681202  0.7417783   0.75010385
  0.76075047  0.77248535  0.78523229  0.79954127]
NDCG_rating2: [ 0.36977441  0.39101409  0.410547    0.43114065  0.4523719   0.47423839
  0.49725791  0.52266968  0.55024494  0.57962246]
Iteration 29 [24.4 s]: loss = 0.863602 [435.96 s],
NDCG_rank: [ 0.72145865  0.71720316  0.71818326  0.72238916  0.72870337  0.7382411
  0.74917025  0.76186461  0.77570697  0.79075251]
NDCG_rating1: [ 0.75173408  0.74005161  0.73608422  0.73762262  0.74283499  0.75074484
  0.76139784  0.77324914  0.78581335  0.79998595]
NDCG_rating2: [ 0.3685148   0.39003077  0.40981681  0.430785    0.45203004  0.47381982
  0.49686457  0.52231179  0.54992303  0.57922969]
Iteration 30 [24.5 s]: loss = 0.861877 [443.83 s],
NDCG_rank: [ 0.74125762  0.73278669  0.73120674  0.73260962  0.73852415  0.7471231
  0.75749618  0.76969317  0.78327314  0.79770398]
NDCG_rating1: [ 0.75301884  0.73995628  0.73669229  0.73831276  0.74339465  0.75154692
  0.76183602  0.77361666  0.78629908  0.80048817]
NDCG_rating2: [ 0.36847424  0.3894071   0.40989984  0.43026991  0.45156822  0.47364122
  0.49648457  0.52236219  0.5498789   0.57945731]
Iteration 31 [24.9 s]: loss = 0.860056 [454.69 s],
NDCG_rank: [ 0.7509826   0.73913127  0.73682459  0.73751572  0.7424558   0.75040574
  0.76078911  0.77269633  0.78595485  0.8002236 ]
NDCG_rating1: [ 0.75243715  0.74038973  0.73753341  0.73856507  0.74401602  0.7518423
  0.76190012  0.77374076  0.78674822  0.80085908]
NDCG_rating2: [ 0.36816862  0.38902218  0.40955058  0.43035718  0.45164355  0.47337882
  0.49649819  0.52207982  0.54965656  0.57942232]
Iteration 32 [25.7 s]: loss = 0.859294 [460.31 s],
NDCG_rank: [ 0.75279937  0.74107142  0.73772766  0.73867631  0.74379942  0.75152482
  0.76182251  0.7737162   0.7869669   0.80116147]
NDCG_rating1: [ 0.75331472  0.74104742  0.73819939  0.73935281  0.74431921  0.7520923
  0.76236091  0.77426522  0.78703996  0.80129141]
NDCG_rating2: [ 0.36825288  0.38909692  0.40933933  0.43040766  0.45142022  0.47334648
  0.49676798  0.52242611  0.54965031  0.5793155 ]
Iteration 33 [25.3 s]: loss = 0.857728 [462.62 s],
NDCG_rank: [ 0.75402627  0.74191965  0.73858474  0.73949326  0.74473831  0.7522168
  0.7622492   0.77428705  0.78745596  0.80159896]
NDCG_rating1: [ 0.75337414  0.74084533  0.73824206  0.73967427  0.74484299  0.75241752
  0.76252601  0.77461118  0.78735403  0.80146461]
NDCG_rating2: [ 0.36705554  0.38885432  0.40898427  0.4297302   0.45106018  0.47325421
  0.49647437  0.52204703  0.54951065  0.57923316]
Iteration 34 [24.8 s]: loss = 0.856432 [448.38 s],
NDCG_rank: [ 0.75458721  0.74276962  0.73948343  0.74005688  0.74511034  0.75269949
  0.76302197  0.77497995  0.787895    0.80213858]
NDCG_rating1: [ 0.75538555  0.7422276   0.73889858  0.74014454  0.745447    0.75323649
  0.76326371  0.77526088  0.78791567  0.80183831]
NDCG_rating2: [ 0.36699517  0.3883979   0.40908519  0.42941997  0.45060964  0.47289073
  0.49609571  0.52195923  0.54958857  0.5791092 ]
Iteration 35 [25.1 s]: loss = 0.853564 [449.47 s],
NDCG_rank: [ 0.75615244  0.74352412  0.74090948  0.74104622  0.74599531  0.75328202
  0.76352639  0.77557046  0.78846119  0.80244635]
NDCG_rating1: [ 0.7559795   0.74356339  0.74062249  0.74115551  0.74597324  0.75382107
  0.76375949  0.77562291  0.78833395  0.80223328]
NDCG_rating2: [ 0.36639838  0.38818388  0.40857506  0.42907667  0.45055017  0.47285673
  0.49618003  0.5218856   0.54942651  0.57895541]
Iteration 36 [25.3 s]: loss = 0.852583 [453.56 s],
NDCG_rank: [ 0.75827169  0.74415928  0.74103463  0.74155852  0.74622795  0.75376763
  0.7640097   0.77576647  0.78848813  0.80273832]
NDCG_rating1: [ 0.75741927  0.74368828  0.74098707  0.74153299  0.74595     0.75386052
  0.76382927  0.77577552  0.78858401  0.80233589]
NDCG_rating2: [ 0.3671093   0.38870597  0.40863324  0.4294292   0.45112328  0.47290812
  0.49654169  0.5220689   0.54991087  0.57924071]
Iteration 37 [25.4 s]: loss = 0.851542 [458.27 s],
NDCG_rank: [ 0.75913669  0.74490632  0.74222088  0.74224693  0.74649463  0.75417778
  0.76412117  0.77619242  0.78896672  0.80297394]
NDCG_rating1: [ 0.75736331  0.74466211  0.74169828  0.74192733  0.74644629  0.75413365
  0.76424867  0.77618443  0.78901093  0.80270073]
NDCG_rating2: [ 0.36737751  0.38853708  0.40883196  0.42938931  0.45075816  0.47310203
  0.49651186  0.52222856  0.55016562  0.57936416]
Iteration 38 [26.6 s]: loss = 0.850422 [496.17 s],
NDCG_rank: [ 0.75951369  0.74509159  0.74223739  0.74191383  0.74638903  0.75422179
  0.76416557  0.77619486  0.78900601  0.80308357]
NDCG_rating1: [ 0.75815315  0.74474781  0.74185048  0.74213848  0.74654778  0.75416523
  0.76426364  0.77628004  0.78929835  0.80303566]
NDCG_rating2: [ 0.36611602  0.38820824  0.40862381  0.42899086  0.4504205   0.47279092
  0.49649442  0.52200699  0.54996489  0.57926982]
Iteration 39 [27.1 s]: loss = 0.850656 [506.43 s],
NDCG_rank: [ 0.76005953  0.74515595  0.74252801  0.74232006  0.74688982  0.75443092
  0.76475726  0.77643586  0.78931944  0.80327148]
NDCG_rating1: [ 0.75918888  0.74545904  0.74215364  0.74247379  0.74671237  0.75460167
  0.7646099   0.77652685  0.78939399  0.80308187]
NDCG_rating2: [ 0.3651806   0.38766996  0.40827349  0.42911228  0.45052036  0.47283117
  0.49657699  0.52193985  0.54981231  0.57942055]
Iteration 40 [27.4 s]: loss = 0.847959 [507.18 s],
NDCG_rank: [ 0.75979227  0.74468588  0.74230476  0.74225747  0.74670249  0.75440686
  0.76460219  0.77633966  0.78930822  0.80299643]
NDCG_rating1: [ 0.75946495  0.74479155  0.74202836  0.74228642  0.74678268  0.75421308
  0.76471669  0.77638752  0.78932052  0.80323382]
NDCG_rating2: [ 0.36498376  0.38763494  0.40832493  0.42907129  0.45082384  0.47301552
  0.49666172  0.52236508  0.55019318  0.57952681]
Iteration 41 [27.3 s]: loss = 0.846324 [507.90 s],
NDCG_rank: [ 0.75914549  0.74509227  0.74219199  0.74248009  0.74660989  0.7541895
  0.76445998  0.77626989  0.78926033  0.80314545]
NDCG_rating1: [ 0.75799782  0.74476779  0.74148773  0.74240714  0.74649734  0.75412743
  0.76436758  0.77634817  0.78926975  0.80310535]
NDCG_rating2: [ 0.36634524  0.3888014   0.40843107  0.42888859  0.45084763  0.4729948
  0.49673694  0.52243224  0.55030703  0.57980235]
Iteration 42 [27.5 s]: loss = 0.844077 [508.37 s],
NDCG_rank: [ 0.75978284  0.74470751  0.74290792  0.74250016  0.74680268  0.75451513
  0.76468313  0.77647189  0.7893144   0.80319961]
NDCG_rating1: [ 0.75983063  0.74567645  0.74259831  0.74280364  0.74677181  0.75423855
  0.7649093   0.77678192  0.78966488  0.80323897]
NDCG_rating2: [ 0.3674426   0.38830585  0.4084408   0.42897083  0.4509244   0.47301031
  0.49667346  0.52250137  0.55043245  0.57975647]
Iteration 43 [27.4 s]: loss = 0.842946 [508.78 s],
NDCG_rank: [ 0.75925585  0.74550936  0.743269    0.74278871  0.74706692  0.75449099
  0.7645937   0.77649853  0.78948594  0.80328289]
NDCG_rating1: [ 0.76046986  0.74494126  0.74284898  0.74269434  0.74680192  0.75443808
  0.764781    0.77662512  0.78954896  0.80327912]
NDCG_rating2: [ 0.36696561  0.38835198  0.40838213  0.42908496  0.45108734  0.47311144
  0.49674224  0.52278955  0.5505993   0.5799305 ]
Iteration 44 [27.5 s]: loss = 0.841868 [498.55 s],
NDCG_rank: [ 0.76092453  0.74689839  0.74385205  0.74321627  0.74747832  0.75525705
  0.76501146  0.77686952  0.79000459  0.80363084]
NDCG_rating1: [ 0.76197818  0.74648015  0.74331584  0.74341628  0.74745598  0.75518657
  0.76521296  0.77698021  0.79010612  0.80369395]
NDCG_rating2: [ 0.36779287  0.38876001  0.40848509  0.42924873  0.45127417  0.47346894
  0.49710931  0.52274157  0.55075484  0.57999865]
Iteration 45 [26.0 s]: loss = 0.841506 [461.48 s],
NDCG_rank: [ 0.76108017  0.74671066  0.7434404   0.74341614  0.74771321  0.75502331
  0.76508029  0.7767397   0.78990203  0.80375852]
NDCG_rating1: [ 0.76178764  0.74676837  0.7433412   0.74371978  0.74758393  0.75547296
  0.76536524  0.77697691  0.79019651  0.80380201]
NDCG_rating2: [ 0.36648956  0.38803955  0.40867595  0.42928854  0.45130492  0.47358942
  0.49715096  0.5227398   0.55073346  0.57987019]
Iteration 46 [25.9 s]: loss = 0.838757 [482.17 s],
NDCG_rank: [ 0.76096666  0.74611284  0.7439224   0.7432792   0.7478255   0.75550202
  0.76519506  0.77698193  0.78995098  0.80364756]
NDCG_rating1: [ 0.7616364   0.74662828  0.74380479  0.74340692  0.74783492  0.75569428
  0.76530495  0.77707457  0.79001242  0.80364057]
NDCG_rating2: [ 0.36567268  0.38772715  0.40834438  0.42925513  0.45118988  0.4731461
  0.49705785  0.52273048  0.55077663  0.57988159]
Iteration 47 [27.2 s]: loss = 0.837376 [495.71 s],
NDCG_rank: [ 0.76107483  0.74693826  0.74408739  0.74364332  0.74803387  0.7556992
  0.76519485  0.77696384  0.78996572  0.80384548]
NDCG_rating1: [ 0.76175965  0.74693811  0.7439605   0.74378353  0.74813115  0.75579886
  0.76556236  0.77728905  0.78997593  0.80379376]
NDCG_rating2: [ 0.36592957  0.38805657  0.40859563  0.42946416  0.45152764  0.47364712
  0.49732425  0.52299466  0.55090244  0.58005392]
Iteration 48 [27.1 s]: loss = 0.836235 [503.93 s],
NDCG_rank: [ 0.76218036  0.7473232   0.74456226  0.74386924  0.74797383  0.7556923
  0.7652691   0.77711162  0.79013633  0.80391156]
NDCG_rating1: [ 0.76113425  0.74665303  0.74336566  0.74378126  0.74833292  0.75556087
  0.76522837  0.77721061  0.79002406  0.80379507]
NDCG_rating2: [ 0.36553401  0.3879383   0.40811367  0.42913762  0.45110448  0.47334919
  0.49686546  0.52295288  0.55080708  0.58008646]
Iteration 49 [28.5 s]: loss = 0.833636 [513.05 s],
NDCG_rank: [ 0.76144522  0.74785417  0.74430574  0.74399442  0.74832662  0.75566977
  0.76544746  0.7772535   0.7902449   0.80409201]
NDCG_rating1: [ 0.76118959  0.74777613  0.74397519  0.74368684  0.74812756  0.75540095
  0.76545123  0.77748162  0.79027395  0.80382533]
NDCG_rating2: [ 0.36560476  0.38786687  0.40812421  0.42879947  0.45098428  0.4733436
  0.49700443  0.52287531  0.55076906  0.58023764]
Iteration 50 [28.7 s]: loss = 0.833064 [513.61 s],
NDCG_rank: [ 0.76225708  0.74809721  0.74439556  0.7437442   0.74805591  0.7559434
  0.76550674  0.77721213  0.79021042  0.80423198]
NDCG_rating1: [ 0.76156376  0.74728427  0.74382569  0.74345741  0.74812422  0.75544806
  0.7655594   0.7773726   0.79023547  0.80390116]
NDCG_rating2: [ 0.36641913  0.38812354  0.40816338  0.42886319  0.45114902  0.47339466
  0.49713003  0.52290376  0.55074997  0.58005082]
Iteration 51 [28.2 s]: loss = 0.831447 [514.35 s],
NDCG_rank: [ 0.76314786  0.74767905  0.74432186  0.74383133  0.7480225   0.75571654
  0.7653447   0.7773853   0.79019124  0.8042858 ]
NDCG_rating1: [ 0.76171658  0.74770685  0.74379249  0.74331775  0.74825361  0.75556343
  0.76554208  0.77733835  0.790195    0.8040631 ]
NDCG_rating2: [ 0.36500797  0.38732314  0.40732513  0.42849651  0.45077059  0.47327445
  0.49689973  0.52275256  0.55066043  0.57992804]
Iteration 52 [28.6 s]: loss = 0.828718 [514.84 s],
NDCG_rank: [ 0.76264886  0.74783338  0.74445756  0.74375449  0.74789257  0.75570222
  0.76552056  0.77732161  0.79013653  0.80404256]
NDCG_rating1: [ 0.76097484  0.74726297  0.74361871  0.74308214  0.74791931  0.75536888
  0.76542315  0.77710096  0.79012471  0.8037973 ]
NDCG_rating2: [ 0.36502244  0.38729954  0.40758532  0.42818856  0.45064651  0.47297062
  0.49685073  0.52258462  0.55065834  0.58006778]
Iteration 53 [28.8 s]: loss = 0.828830 [515.73 s],
NDCG_rank: [ 0.762702    0.74821202  0.74444585  0.74323688  0.74804728  0.75593463
  0.7656329   0.77743155  0.79014623  0.8042248 ]
NDCG_rating1: [ 0.76198195  0.74734252  0.74384702  0.74320456  0.74806046  0.75558126
  0.76550156  0.77733874  0.79025284  0.80422246]
NDCG_rating2: [ 0.36485265  0.3871799   0.40750558  0.42817826  0.45058353  0.4731504
  0.49666721  0.52254536  0.55040437  0.57988505]
Iteration 54 [29.0 s]: loss = 0.826282 [514.65 s],
NDCG_rank: [ 0.76218193  0.74802382  0.74359269  0.74323173  0.74801326  0.75569336
  0.76555032  0.77727553  0.79011942  0.8040919 ]
NDCG_rating1: [ 0.76219105  0.74779814  0.74339952  0.74309383  0.7480261   0.75568542
  0.76566761  0.77736138  0.79011289  0.80409615]
NDCG_rating2: [ 0.36487246  0.38723274  0.40694051  0.42795573  0.45016558  0.4728216
  0.49685854  0.52253656  0.55039579  0.57976354]
Iteration 55 [28.5 s]: loss = 0.825003 [514.17 s],
NDCG_rank: [ 0.7634277   0.74766571  0.74440694  0.74373569  0.74815326  0.75616338
  0.76577355  0.77727959  0.7901608   0.80412931]
NDCG_rating1: [ 0.76334721  0.7473227   0.74382585  0.7439026   0.74832888  0.75625675
  0.76585007  0.77742604  0.79019469  0.80418163]
NDCG_rating2: [ 0.36554156  0.38727008  0.40721664  0.42797254  0.45059152  0.47277713
  0.4967672   0.52265281  0.55065615  0.57981748]
Iteration 56 [28.3 s]: loss = 0.822758 [514.31 s],
NDCG_rank: [ 0.76329753  0.74700075  0.74362955  0.74364425  0.74811863  0.75624101
  0.76576947  0.77725557  0.79016013  0.8041166 ]
NDCG_rating1: [ 0.76326231  0.74716132  0.74396622  0.74350256  0.74808792  0.75630343
  0.7659637   0.77745986  0.78996018  0.80413567]
NDCG_rating2: [ 0.36484259  0.38663773  0.40683589  0.42759457  0.45006324  0.47248649
  0.49630788  0.52212171  0.55021312  0.57938871]
Iteration 57 [27.7 s]: loss = 0.820923 [481.27 s],
NDCG_rank: [ 0.76272023  0.74703627  0.74368874  0.74326359  0.74800796  0.75606265
  0.76550481  0.77710971  0.78999166  0.80392941]
NDCG_rating1: [ 0.76146189  0.74661689  0.74345855  0.74334538  0.7478797   0.75579085
  0.765348    0.77719774  0.7899693   0.80410569]
NDCG_rating2: [ 0.36422002  0.38609187  0.40655776  0.42742164  0.45020069  0.47248024
  0.4964206   0.52226663  0.55022291  0.57919471]
Iteration 58 [27.1 s]: loss = 0.819257 [497.88 s],
NDCG_rank: [ 0.76259478  0.74709424  0.74370129  0.74310486  0.74798833  0.75617246
  0.76562509  0.77704946  0.79000557  0.80407236]
NDCG_rating1: [ 0.76254447  0.74732575  0.74380463  0.74342813  0.7482499   0.75625347
  0.76554006  0.77732108  0.79022156  0.80430058]
NDCG_rating2: [ 0.36482246  0.38654144  0.40695187  0.42762107  0.44999884  0.47240998
  0.496225    0.52213536  0.55017621  0.5791276 ]
Iteration 59 [27.3 s]: loss = 0.818794 [500.02 s],
NDCG_rank: [ 0.7629831   0.74736089  0.74424947  0.74372851  0.74823962  0.75630523
  0.7657201   0.77727022  0.79017105  0.80433977]
NDCG_rating1: [ 0.76257843  0.74766966  0.74447022  0.74365351  0.74840933  0.75641216
  0.7659242   0.77753532  0.7903959   0.80432716]
NDCG_rating2: [ 0.36501615  0.3867458   0.40698367  0.42737138  0.45007916  0.4723776
  0.49610191  0.5218299   0.54996966  0.57916856]
Iteration 60 [27.2 s]: loss = 0.817230 [500.97 s],
NDCG_rank: [ 0.76237688  0.74777516  0.74443463  0.74356404  0.7481438   0.75606198
  0.76569248  0.77711185  0.79004286  0.80417884]
NDCG_rating1: [ 0.76306422  0.74811246  0.74459265  0.74356489  0.7483223   0.75622171
  0.76590675  0.77747918  0.7903355   0.80438891]
NDCG_rating2: [ 0.36438729  0.38665835  0.40646998  0.42761507  0.44976724  0.47213083
  0.49593449  0.52178298  0.54984921  0.57902486]
Iteration 61 [27.2 s]: loss = 0.816398 [499.93 s],
NDCG_rank: [ 0.76210458  0.74828654  0.74417928  0.74346103  0.7480867   0.75613254
  0.76576066  0.77731829  0.79019745  0.80430908]
NDCG_rating1: [ 0.76265546  0.7477623   0.74427199  0.7435573   0.74829751  0.75641132
  0.76589344  0.77752457  0.79042146  0.80436093]
NDCG_rating2: [ 0.36522587  0.38624117  0.40701892  0.42751568  0.44971163  0.47207407
  0.49591087  0.52162806  0.54960083  0.5790265 ]
Iteration 62 [26.7 s]: loss = 0.814404 [501.10 s],
NDCG_rank: [ 0.7620222   0.74771929  0.7440865   0.74364553  0.7483292   0.75595953
  0.76568954  0.77740911  0.79012902  0.80430694]
NDCG_rating1: [ 0.76288625  0.74848008  0.7444104   0.74376683  0.74851583  0.75626288
  0.76592952  0.77776871  0.79033504  0.80442833]
NDCG_rating2: [ 0.36555225  0.3863809   0.40701537  0.42770356  0.4499054   0.47226932
  0.49581172  0.52162488  0.5497454   0.57903274]
Iteration 63 [27.2 s]: loss = 0.815102 [498.10 s],
NDCG_rank: [ 0.76184078  0.74796965  0.74403593  0.7440731   0.74830925  0.75606082
  0.765751    0.77744701  0.79012623  0.80432081]
NDCG_rating1: [ 0.76218948  0.7484734   0.74432922  0.74404668  0.74847962  0.75623321
  0.76603053  0.77777307  0.79036684  0.80442282]
NDCG_rating2: [ 0.36506363  0.38587657  0.40676433  0.42725016  0.44963689  0.47191184
  0.49559697  0.52113971  0.54948446  0.57867836]
Iteration 64 [27.3 s]: loss = 0.813384 [499.54 s],
NDCG_rank: [ 0.76294819  0.74813734  0.74459178  0.74422457  0.74847432  0.75614289
  0.76596938  0.77752645  0.79030521  0.80446273]
NDCG_rating1: [ 0.76282274  0.74831423  0.74435897  0.74386314  0.74873425  0.75622628
  0.76602747  0.77756847  0.79044754  0.80457309]
NDCG_rating2: [ 0.36557741  0.38565884  0.40675575  0.42716533  0.44950857  0.47188181
  0.49552018  0.52142351  0.54942725  0.57842881]
Iteration 65 [27.0 s]: loss = 0.813129 [503.10 s],
NDCG_rank: [ 0.76280859  0.74895234  0.74490633  0.74418783  0.74886852  0.75634058
  0.76611021  0.77760608  0.79049641  0.80480192]
NDCG_rating1: [ 0.76191561  0.74840591  0.74464104  0.74375333  0.74888391  0.75616558
  0.76604336  0.77767077  0.79055368  0.80465754]
NDCG_rating2: [ 0.3657428   0.38599258  0.40622268  0.42716751  0.4497064   0.47177799
  0.49537461  0.52128944  0.5492765   0.57810704]
Iteration 66 [27.3 s]: loss = 0.811191 [500.55 s],
NDCG_rank: [ 0.76165306  0.74870385  0.74465043  0.74391123  0.74861826  0.75615783
  0.76602524  0.77743005  0.7905054   0.80460764]
NDCG_rating1: [ 0.76143956  0.74855567  0.74443054  0.74375972  0.7486658   0.7561855
  0.76618988  0.77757022  0.79050665  0.80438242]
NDCG_rating2: [ 0.36592454  0.3863723   0.40652747  0.42708547  0.44965579  0.47197157
  0.49551346  0.52142804  0.54937929  0.5784282 ]
Iteration 67 [27.3 s]: loss = 0.811668 [490.52 s],
NDCG_rank: [ 0.76229072  0.74905842  0.74508534  0.74420652  0.74858993  0.75614548
  0.7661599   0.77747363  0.79049866  0.80466054]
NDCG_rating1: [ 0.76256774  0.74820003  0.74436044  0.74381296  0.74858609  0.75621989
  0.76619962  0.77746662  0.79022957  0.80431503]
NDCG_rating2: [ 0.36532303  0.38598582  0.4064416   0.42680158  0.449635    0.47181582
  0.49550697  0.52111574  0.54904033  0.57826527]
Iteration 68 [26.9 s]: loss = 0.810193 [482.74 s],
NDCG_rank: [ 0.76204987  0.7490145   0.74515295  0.74399614  0.74846443  0.75609454
  0.76612027  0.77747693  0.79049563  0.8044864 ]
NDCG_rating1: [ 0.76367232  0.74901578  0.74427165  0.74404409  0.74916806  0.75652033
  0.76647567  0.77774573  0.79070078  0.80461553]
NDCG_rating2: [ 0.36500735  0.38573372  0.40633848  0.42664128  0.44893865  0.47143101
  0.4951688   0.52106642  0.5488785   0.57822113]
Iteration 69 [26.9 s]: loss = 0.811322 [483.40 s],
NDCG_rank: [ 0.76288216  0.74911422  0.74510243  0.74423576  0.74838801  0.75607443
  0.76632084  0.77765818  0.79051998  0.80450933]
NDCG_rating1: [ 0.76363522  0.74914436  0.74481116  0.74430778  0.74873113  0.75647884
  0.76654176  0.77796049  0.79056302  0.80453672]
NDCG_rating2: [ 0.36575443  0.38630549  0.40632021  0.42694344  0.4490315   0.47148406
  0.49523063  0.52092438  0.54863607  0.57814558]
Iteration 70 [26.8 s]: loss = 0.808083 [482.81 s],
NDCG_rank: [ 0.7622313   0.7490179   0.74476813  0.74436094  0.748408    0.75593607
  0.76620575  0.77756745  0.79050616  0.80452579]
NDCG_rating1: [ 0.76347801  0.7485047   0.74445683  0.74422601  0.74865216  0.75606223
  0.76618189  0.7775594   0.79052117  0.80448018]
NDCG_rating2: [ 0.36521833  0.38635008  0.4064249   0.42664858  0.4490565   0.471448
  0.49512367  0.52073873  0.54857929  0.57803003]
Iteration 71 [26.8 s]: loss = 0.811080 [482.82 s],
NDCG_rank: [ 0.76191309  0.7486324   0.74441315  0.74385615  0.74802852  0.75583637
  0.76620281  0.7774434   0.79028279  0.80436079]
NDCG_rating1: [ 0.76290543  0.74813546  0.74417504  0.74383825  0.7483394   0.75580855
  0.76619307  0.7775198   0.79027987  0.80433572]
NDCG_rating2: [ 0.36597799  0.38635629  0.4066604   0.42681506  0.4489161   0.471402
  0.49505878  0.5206706   0.54856937  0.57790316]
Iteration 72 [26.9 s]: loss = 0.808936 [482.51 s],
NDCG_rank: [ 0.76326703  0.7490532   0.74458102  0.74396513  0.74838894  0.75624964
  0.76628758  0.77752372  0.79051312  0.80463273]
NDCG_rating1: [ 0.76206905  0.74849291  0.7439194   0.74378444  0.7485473   0.7560382
  0.76609615  0.77755689  0.79025443  0.80435517]
NDCG_rating2: [ 0.36566859  0.38628515  0.40615727  0.42698356  0.44893888  0.47131292
  0.49501347  0.52058755  0.54854693  0.5779466 ]
Iteration 73 [27.0 s]: loss = 0.808129 [485.82 s],
NDCG_rank: [ 0.76169174  0.74853496  0.74418868  0.74381313  0.74794587  0.75588533
  0.76598295  0.77720319  0.79019017  0.80439987]
NDCG_rating1: [ 0.76228601  0.748289    0.74368561  0.74344442  0.74802581  0.75592748
  0.7660669   0.77740709  0.79021929  0.80428137]
NDCG_rating2: [ 0.36585882  0.38710437  0.40645104  0.42706344  0.44858637  0.47113002
  0.49461784  0.52052763  0.54864556  0.57780632]
Iteration 74 [27.0 s]: loss = 0.807627 [489.58 s],
NDCG_rank: [ 0.76230141  0.74840719  0.74404257  0.74406543  0.74816245  0.75580738
  0.76625811  0.7773563   0.79025468  0.80442022]
NDCG_rating1: [ 0.76125028  0.74844385  0.74377363  0.74363405  0.74845342  0.75605202
  0.76615601  0.77757624  0.79030474  0.80442857]
NDCG_rating2: [ 0.3653114   0.38557613  0.40587199  0.42689252  0.44856578  0.47112898
  0.49447623  0.52021888  0.54824388  0.57777424]
Iteration 75 [26.8 s]: loss = 0.809140 [483.20 s],
NDCG_rank: [ 0.76288782  0.7492034   0.74483238  0.74419659  0.74825732  0.75612047
  0.76627142  0.77757928  0.79047723  0.80454192]
NDCG_rating1: [ 0.7635802   0.74951451  0.74433417  0.74400727  0.74854854  0.75612418
  0.76615863  0.77793098  0.79068995  0.80458175]
NDCG_rating2: [ 0.36600975  0.38556235  0.40593985  0.42711681  0.44828336  0.47087801
  0.49452985  0.52027214  0.5482639   0.57766745]
Iteration 76 [26.8 s]: loss = 0.809710 [482.98 s],
NDCG_rank: [ 0.76379244  0.74953129  0.74437041  0.74436983  0.74870594  0.75637554
  0.76639559  0.77778304  0.79054622  0.80465543]
NDCG_rating1: [ 0.7640836   0.74971197  0.74425547  0.74420272  0.74888351  0.75634714
  0.76655831  0.77790763  0.79066092  0.80463083]
NDCG_rating2: [ 0.36491207  0.38576937  0.40569531  0.42701301  0.44829981  0.4707998
  0.49451936  0.52010296  0.54808465  0.5775081 ]
Iteration 77 [26.7 s]: loss = 0.807775 [482.49 s],
NDCG_rank: [ 0.76387953  0.7494052   0.74440421  0.74422193  0.74841198  0.75639872
  0.7664407   0.77760295  0.79068056  0.80463716]
NDCG_rating1: [ 0.76354404  0.74892485  0.74427107  0.74387628  0.74854943  0.75641506
  0.76627825  0.77775493  0.79062997  0.80455168]
NDCG_rating2: [ 0.36428164  0.38532195  0.40561138  0.42681788  0.44810292  0.47061065
  0.49433627  0.51995707  0.5479018   0.5773139 ]
Iteration 78 [26.8 s]: loss = 0.808122 [496.17 s],
NDCG_rank: [ 0.7643452   0.74932814  0.74463645  0.74448329  0.74862896  0.75643112
  0.76646682  0.77784574  0.79074923  0.80469692]
NDCG_rating1: [ 0.76390563  0.74905514  0.7441983   0.74442763  0.74876479  0.75615116
  0.76654691  0.77785705  0.79077601  0.80460823]
NDCG_rating2: [ 0.36517368  0.38620916  0.40586545  0.4268805   0.44834372  0.47062253
  0.49443984  0.52013237  0.54793585  0.57716398]
Iteration 79 [27.4 s]: loss = 0.808945 [487.67 s],
NDCG_rank: [ 0.76413045  0.74914809  0.74458443  0.74448403  0.7482555   0.7563173
  0.76652933  0.77779016  0.79083599  0.80483657]
NDCG_rating1: [ 0.76383551  0.7486484   0.74399413  0.74445902  0.74862623  0.75625728
  0.76641902  0.77791139  0.79083146  0.80473394]
NDCG_rating2: [ 0.364553    0.38523335  0.4053945   0.42659565  0.4477915   0.47034963
  0.49418534  0.51971316  0.54765079  0.57689669]
Iteration 80 [26.9 s]: loss = 0.807868 [473.37 s],
NDCG_rank: [ 0.76422666  0.7487126   0.74477374  0.74442383  0.74848087  0.75623496
  0.76652839  0.77775649  0.79102078  0.80466919]
NDCG_rating1: [ 0.76259761  0.74826311  0.74406035  0.74409058  0.74836764  0.75589304
  0.76627311  0.77770937  0.79072034  0.80460132]
NDCG_rating2: [ 0.36548905  0.3856085   0.40626506  0.42676503  0.44808791  0.47053799
  0.49434135  0.51990243  0.54768311  0.57702808]
Iteration 81 [26.4 s]: loss = 0.808132 [463.82 s],
NDCG_rank: [ 0.76390846  0.7490717   0.74437323  0.74446869  0.74865116  0.75641187
  0.76655618  0.77779001  0.79081138  0.80454892]
NDCG_rating1: [ 0.76387859  0.74883691  0.74427436  0.74454889  0.74873568  0.75632062
  0.76641251  0.77791352  0.7907813   0.80461604]
NDCG_rating2: [ 0.36353959  0.38521361  0.40546393  0.42627314  0.4478012   0.47002585
  0.49385441  0.51956831  0.54731862  0.57677241]
Iteration 82 [26.4 s]: loss = 0.807276 [463.13 s],
NDCG_rank: [ 0.76382168  0.74909956  0.74433852  0.7442652   0.74860068  0.75639676
  0.76625685  0.77773934  0.79068197  0.8045412 ]
NDCG_rating1: [ 0.76389557  0.74827565  0.74431235  0.74422946  0.74848847  0.75625124
  0.76612328  0.77772803  0.79071161  0.80447196]
NDCG_rating2: [ 0.36461022  0.38525368  0.40559279  0.4263056   0.44779439  0.47000783
  0.49398031  0.51970418  0.54720723  0.5765532 ]


liurui@ubuntu:~/DeepRec$ KERAS_BACKEND=theano python v5_3loss/MLP.py --learner adam --reg_layers [0,0,0,0] --lr 0.0001 
Using Theano backend.
MLP arguments: Namespace(batch_size=256, batch_size_random=256000, epochs=100, layers='[64,32,16,8]', learner='adam', loss_weights='[1., 0.2, 0.2]', lr=0.0001, path='Data/yelp/', reg_layers='[0,0,0,0]', verbose=1) 
Load data done [175.5 s]. #user=13679, #item=12922, #train=15651858, #test=316795
Time: [77.4], Init: NDCG = 
(array([ 0.56743525,  0.56985696,  0.57642548,  0.58602843,  0.59870574,
        0.61283585,  0.62892023,  0.64720024,  0.66696501,  0.68900593]), array([ 0.55985087,  0.56727226,  0.57529114,  0.5848246 ,  0.59741474,
        0.61150978,  0.62806585,  0.64638889,  0.66632109,  0.688251  ]), array([ 0.55796308,  0.56333288,  0.57216912,  0.58227888,  0.59450963,
        0.60915756,  0.62616179,  0.64468015,  0.66498854,  0.68730459]))
Iteration 0 [20.7 s]: loss = 2.056392 [85.75 s],
NDCG_rank: [ 0.67880608  0.67415087  0.67491484  0.67984472  0.68805755  0.6983584
  0.71107459  0.72505235  0.74071245  0.758031  ]
NDCG_rating1: [ 0.67668337  0.67226515  0.67326354  0.67804173  0.68611854  0.69614363
  0.70877618  0.72285808  0.73888556  0.7562627 ]
NDCG_rating2: [ 0.45293869  0.47029664  0.48610395  0.50340845  0.52173374  0.54105295
  0.5622116   0.58479005  0.60855063  0.63443158]
Iteration 1 [20.0 s]: loss = 0.896985 [85.98 s],
NDCG_rank: [ 0.73578907  0.72485671  0.72196505  0.72344731  0.72896644  0.73782408
  0.74886148  0.76115852  0.77482442  0.78973199]
NDCG_rating1: [ 0.72906437  0.72041548  0.71834831  0.7197969   0.72522981  0.7340201
  0.74520488  0.75770054  0.77157198  0.78673468]
NDCG_rating2: [ 0.40602246  0.42005614  0.43659609  0.45372194  0.47247543  0.49261809
  0.51540065  0.53930267  0.56571814  0.59389717]
Iteration 2 [20.6 s]: loss = 0.845061 [85.85 s],
NDCG_rank: [ 0.74472766  0.73395814  0.72988452  0.73209068  0.73706993  0.74528623
  0.75567839  0.76767522  0.78121021  0.7961894 ]
NDCG_rating1: [ 0.74375167  0.7315446   0.72780554  0.73020005  0.73518746  0.74344804
  0.75387047  0.76598019  0.77991168  0.79481517]
NDCG_rating2: [ 0.38313513  0.40471777  0.42414598  0.44253469  0.46236351  0.48348326
  0.50643732  0.53087051  0.55779982  0.58676458]
Iteration 3 [20.8 s]: loss = 0.829235 [84.48 s],
NDCG_rank: [ 0.75190922  0.73828855  0.73504581  0.73600486  0.74096703  0.74866241
  0.75889201  0.7708783   0.78391926  0.79837367]
NDCG_rating1: [ 0.75234848  0.73808248  0.73383082  0.73474322  0.73994369  0.74755524
  0.75793267  0.76974128  0.78321699  0.79748784]
NDCG_rating2: [ 0.37828003  0.39856221  0.41789833  0.4372081   0.45786647  0.47962729
  0.50260999  0.52764087  0.55450972  0.58376946]
Iteration 4 [20.4 s]: loss = 0.820021 [77.22 s],
NDCG_rank: [ 0.75426052  0.74073261  0.73625358  0.73697358  0.74142661  0.74946349
  0.75976924  0.77171713  0.78540978  0.79973911]
NDCG_rating1: [ 0.75381592  0.74111875  0.73571863  0.73634852  0.741214    0.74905953
  0.75942154  0.7711411   0.78478637  0.799123  ]
NDCG_rating2: [ 0.3719839   0.39500265  0.41545148  0.43486941  0.45607222  0.47738962
  0.50065701  0.52584498  0.55271226  0.58211519]
Iteration 5 [20.5 s]: loss = 0.810679 [79.49 s],
NDCG_rank: [ 0.75518651  0.74099056  0.73758087  0.73840819  0.74318725  0.75090213
  0.76070174  0.77250831  0.78574132  0.79997808]
NDCG_rating1: [ 0.75440547  0.74024487  0.73661721  0.73761262  0.74214619  0.7503649
  0.76012486  0.77217416  0.78543466  0.79945956]
NDCG_rating2: [ 0.36879307  0.39364881  0.41319859  0.43371929  0.45437462  0.47598442
  0.49906255  0.52418583  0.55158963  0.58086046]
Iteration 6 [20.6 s]: loss = 0.806426 [80.70 s],
NDCG_rank: [ 0.75646372  0.74331033  0.73820577  0.73881753  0.74350142  0.75131946
  0.76126177  0.77338203  0.78637733  0.8006969 ]
NDCG_rating1: [ 0.75420235  0.74199875  0.73744592  0.73807499  0.74296406  0.75028203
  0.76041347  0.77240491  0.78575719  0.80002462]
NDCG_rating2: [ 0.37032403  0.39305073  0.41323906  0.43367054  0.45400621  0.47600342
  0.49855001  0.52341174  0.55103057  0.58076743]
Iteration 7 [20.5 s]: loss = 0.802307 [79.80 s],
NDCG_rank: [ 0.75804845  0.7436164   0.73813677  0.73888215  0.74403058  0.75180213
  0.76184033  0.77377927  0.78692435  0.80121758]
NDCG_rating1: [ 0.7577903   0.74317288  0.7373808   0.73858754  0.74344272  0.75127905
  0.76139151  0.77328553  0.7865486   0.800821  ]
NDCG_rating2: [ 0.3717616   0.39443919  0.41357574  0.43358336  0.45450204  0.47645781
  0.49901419  0.52409322  0.55102916  0.58057986]
Iteration 8 [20.4 s]: loss = 0.798403 [79.99 s],
NDCG_rank: [ 0.75711176  0.74332459  0.73866573  0.73913797  0.74410344  0.75189957
  0.76198964  0.77382806  0.78669138  0.80086542]
NDCG_rating1: [ 0.75598328  0.74263186  0.73711445  0.73838295  0.74353078  0.75112154
  0.76140172  0.77345613  0.78637897  0.80066471]
NDCG_rating2: [ 0.37298127  0.39374042  0.4141492   0.43425982  0.45471651  0.47594546
  0.49914676  0.5242715   0.55163581  0.58102034]
Iteration 9 [20.9 s]: loss = 0.796390 [82.45 s],
NDCG_rank: [ 0.75718848  0.74474788  0.73952437  0.73993882  0.74485952  0.75256621
  0.76227266  0.77378971  0.78698586  0.80136184]
NDCG_rating1: [ 0.75499408  0.743542    0.73842549  0.73900453  0.74425166  0.75190528
  0.76183352  0.77338358  0.78658137  0.80093171]
NDCG_rating2: [ 0.37165469  0.39291748  0.41335932  0.43378951  0.45418051  0.47586326
  0.4988597   0.5239754   0.551497    0.58049606]
Iteration 10 [20.9 s]: loss = 0.790952 [80.19 s],
NDCG_rank: [ 0.75774659  0.7427932   0.73900905  0.7396208   0.7443674   0.75199383
  0.76177569  0.77397879  0.78682892  0.80133368]
NDCG_rating1: [ 0.75717182  0.74272971  0.73871415  0.73906812  0.74406542  0.75169668
  0.76165263  0.77392403  0.78669807  0.80136801]
NDCG_rating2: [ 0.36852361  0.39336208  0.41437886  0.4343584   0.45464922  0.47661114
  0.50004445  0.52488042  0.55195623  0.58134006]
Iteration 11 [20.5 s]: loss = 0.787916 [81.28 s],
NDCG_rank: [ 0.75943634  0.74318764  0.73948304  0.7398856   0.74421775  0.75150463
  0.76198074  0.77382607  0.78697692  0.80130044]
NDCG_rating1: [ 0.75732715  0.74375038  0.73936895  0.73945834  0.74411278  0.75157377
  0.76228132  0.77394368  0.78717672  0.80146293]
NDCG_rating2: [ 0.37215558  0.39587622  0.41637287  0.43598837  0.45664991  0.47865836
  0.50185383  0.52656508  0.55365854  0.58268085]
Iteration 12 [21.3 s]: loss = 0.783199 [82.98 s],
NDCG_rank: [ 0.76037711  0.74557694  0.74051152  0.74125883  0.7455338   0.7529333
  0.76291     0.77477475  0.78785663  0.80184469]
NDCG_rating1: [ 0.76056294  0.74603747  0.74152638  0.74174329  0.74558736  0.75353356
  0.76350763  0.77535049  0.78835953  0.80242609]
NDCG_rating2: [ 0.37265866  0.39633336  0.41661634  0.43649652  0.45723341  0.47958331
  0.50229762  0.52719033  0.55407331  0.58327011]
Iteration 13 [20.7 s]: loss = 0.775807 [83.13 s],
NDCG_rank: [ 0.76336104  0.74569599  0.74191329  0.74122556  0.74635857  0.75392841
  0.76394832  0.77548207  0.78865226  0.80280759]
NDCG_rating1: [ 0.76084314  0.74650783  0.74119907  0.7411101   0.74658869  0.7543131
  0.76408424  0.77597888  0.78910691  0.80302915]
NDCG_rating2: [ 0.3729319   0.39542823  0.41587461  0.4355749   0.45626615  0.47858296
  0.50191995  0.52643545  0.55351102  0.58271465]
Iteration 14 [20.8 s]: loss = 0.771673 [83.68 s],
NDCG_rank: [ 0.76210112  0.74632267  0.74160065  0.74191944  0.74619509  0.75419947
  0.76397692  0.77549114  0.78885298  0.80293271]
NDCG_rating1: [ 0.76160406  0.74512185  0.74088497  0.74099503  0.74631387  0.75348869
  0.76372622  0.77534966  0.78850503  0.8027499 ]
NDCG_rating2: [ 0.36909712  0.39250141  0.41330688  0.43364879  0.45423242  0.47610771
  0.49951569  0.52442925  0.55139115  0.5806128 ]
Iteration 15 [20.8 s]: loss = 0.766995 [83.20 s],
NDCG_rank: [ 0.76440054  0.74725395  0.74231065  0.743121    0.74732293  0.75508953
  0.76454279  0.77625276  0.78926757  0.80353845]
NDCG_rating1: [ 0.75932916  0.74451446  0.73972537  0.74078132  0.74500955  0.75297147
  0.76263574  0.77436922  0.78757911  0.80203291]
NDCG_rating2: [ 0.3702885   0.39215297  0.41268382  0.43223513  0.45287355  0.47488345
  0.49779656  0.5230596   0.55005413  0.57905479]
Iteration 16 [20.8 s]: loss = 0.763594 [83.19 s],
NDCG_rank: [ 0.76271489  0.74666142  0.74268725  0.74326765  0.7475341   0.75496588
  0.76457423  0.77632855  0.78953878  0.80376673]
NDCG_rating1: [ 0.7602419   0.74246898  0.73877269  0.73963678  0.74423781  0.7518247
  0.76169466  0.77346743  0.78679655  0.80114765]
NDCG_rating2: [ 0.36884841  0.39109554  0.4106027   0.43019282  0.45106833  0.47304942
  0.49636943  0.52145337  0.54860373  0.57828947]
Iteration 17 [20.8 s]: loss = 0.758816 [83.20 s],
NDCG_rank: [ 0.76219518  0.74735436  0.74162266  0.7425664   0.74696645  0.75477688
  0.76475799  0.77639215  0.78916762  0.80344468]
NDCG_rating1: [ 0.75908768  0.74395671  0.73856042  0.73919209  0.74339956  0.75140406
  0.76155213  0.77283509  0.78621162  0.80033297]
NDCG_rating2: [ 0.36874119  0.38975597  0.40948594  0.42918009  0.45002978  0.47225626
  0.49557323  0.52052944  0.54803322  0.57766577]
Iteration 18 [20.4 s]: loss = 0.756141 [80.75 s],
NDCG_rank: [ 0.76184365  0.74588986  0.74165951  0.74163994  0.74591951  0.754335
  0.76459475  0.77576555  0.78898298  0.80290467]
NDCG_rating1: [ 0.75854529  0.74206464  0.73719097  0.73742841  0.7416912   0.74998184
  0.76044127  0.77204027  0.78533667  0.79973794]
NDCG_rating2: [ 0.36758063  0.38948346  0.40937837  0.42918219  0.44979961  0.47195123
  0.4953055   0.5207727   0.54793669  0.57750945]
Iteration 19 [20.5 s]: loss = 0.752651 [79.81 s],
NDCG_rank: [ 0.76133423  0.74586693  0.74164791  0.74229876  0.74642274  0.75380292
  0.76404683  0.77579444  0.78878571  0.80269776]
NDCG_rating1: [ 0.75595597  0.74129399  0.73700708  0.73725971  0.74204392  0.74983827
  0.75991037  0.77141173  0.78502538  0.79948343]
NDCG_rating2: [ 0.36671281  0.39047794  0.40970337  0.42986593  0.45021236  0.47208319
  0.49588332  0.52121221  0.5480904   0.57760785]
Iteration 20 [20.5 s]: loss = 0.751392 [81.77 s],
NDCG_rank: [ 0.76091981  0.74549682  0.74145525  0.74190224  0.74620578  0.75356634
  0.76341881  0.77523121  0.78833609  0.80219403]
NDCG_rating1: [ 0.75387786  0.74019436  0.73593955  0.7367103   0.74142314  0.7485873
  0.75858583  0.77069154  0.78452321  0.79871218]
NDCG_rating2: [ 0.36795921  0.39080205  0.41059863  0.43036854  0.45094731  0.47295418
  0.49648531  0.52127094  0.54835695  0.57816644]
Iteration 21 [20.9 s]: loss = 0.748669 [83.29 s],
NDCG_rank: [ 0.76203923  0.74604211  0.74128783  0.74196927  0.74622205  0.75333483
  0.76289601  0.7745619   0.78782494  0.80191904]
NDCG_rating1: [ 0.75508783  0.74060861  0.73561938  0.73703525  0.74157596  0.74880349
  0.75824135  0.77039406  0.78411566  0.79840801]
NDCG_rating2: [ 0.37152263  0.39356803  0.4127307   0.43203043  0.45253841  0.47431394
  0.49748751  0.52259924  0.54969426  0.57935616]
Iteration 22 [20.8 s]: loss = 0.745989 [83.21 s],
NDCG_rank: [ 0.76112644  0.74600416  0.7409962   0.74060473  0.74507536  0.75254228
  0.76297052  0.77415918  0.78765685  0.80146889]
NDCG_rating1: [ 0.75420271  0.74112298  0.73606399  0.73599923  0.7407139   0.74834996
  0.75824554  0.77036235  0.78383484  0.79856174]
NDCG_rating2: [ 0.37182574  0.39316639  0.41295595  0.43251722  0.45279197  0.47430512
  0.49729762  0.52248014  0.55001755  0.57941326]
Iteration 23 [20.7 s]: loss = 0.745204 [83.42 s],
NDCG_rank: [ 0.7599706   0.74288945  0.73814429  0.73892429  0.7440398   0.75170019
  0.76175931  0.77342444  0.78631391  0.80051523]
NDCG_rating1: [ 0.75470045  0.73839737  0.73384551  0.73459486  0.73957541  0.74717447
  0.75751772  0.76958763  0.78311574  0.79768823]
NDCG_rating2: [ 0.37216627  0.39356358  0.41412042  0.43361369  0.45350291  0.47501981
  0.498419    0.52367714  0.55063291  0.57996943]
Iteration 24 [20.9 s]: loss = 0.743068 [83.06 s],
NDCG_rank: [ 0.75577737  0.74135448  0.73687472  0.73821646  0.74255241  0.75019805
  0.7602928   0.77193648  0.78539992  0.79958831]
NDCG_rating1: [ 0.75295883  0.73746464  0.73319818  0.7343596   0.73878725  0.74651202
  0.75664929  0.76894274  0.78292189  0.79711018]
NDCG_rating2: [ 0.37145031  0.39314314  0.4135413   0.43320593  0.453223    0.47476864
  0.49807783  0.52343821  0.5505975   0.57996721]
Iteration 25 [20.7 s]: loss = 0.741416 [82.97 s],
NDCG_rank: [ 0.75706904  0.74069021  0.7365142   0.7375124   0.74191322  0.74967579
  0.76008362  0.77155378  0.78507186  0.79896206]
NDCG_rating1: [ 0.75267207  0.73644954  0.73245823  0.73366059  0.73861745  0.74599424
  0.75660213  0.76882528  0.78218681  0.79653025]
NDCG_rating2: [ 0.37326771  0.39516275  0.41469189  0.43486312  0.45526036  0.47675601
  0.4996894   0.52485253  0.5517073   0.58080051]



