liurui@ubuntu:~/DeepRec$ KERAS_BACKEND=theano python v8.2_2Embed_merge_2MLP/MLP.py --learner adam --reg_layers [0,0,0] --lr 0.00001 --batch_size_random 1280000
Using Theano backend.
MLP arguments: Namespace(batch_size=256, batch_size_random=1280000, epochs=100, layers='[96,32,10]', learner='adam', lr=1e-05, path='Data/yelp/', reg_layers='[0,0,0]', verbose=1) 
Load data done [777.5 s]. #user=13679, #item=12922, #train_user=15651858, #train_item=20462698, #test=316795
Time: [144.8], Init: 
NDCGu: [ 0.56173295  0.56622017  0.57363003  0.58421893  0.59641724  0.61027414
  0.62675604  0.64525747  0.66603342  0.68801006]
NDCGi: [ 0.53918273  0.54795318  0.55707805  0.56886327  0.58096947  0.59449447
  0.60899585  0.62445838  0.64073379  0.65767965]
Iteration 0 [74.4 s]: rank_loss = 0.692211 [137.00 s],
NDCGu: [ 0.68754087  0.68318941  0.68359244  0.68856955  0.69626202  0.70655733
  0.7184204   0.73207613  0.74765268  0.76429259]
NDCGi: [ 0.54012995  0.546449    0.55757791  0.56867578  0.58103307  0.59448407
  0.60832121  0.62361202  0.63958301  0.65685469]
Iteration 0 [76.2 s]: rank_loss = 0.691854 [140.96 s],
NDCGu: [ 0.68624039  0.68154017  0.68307895  0.68812581  0.69587139  0.70576608
  0.71771428  0.73156161  0.74708034  0.76388015]
NDCGi: [ 0.62481729  0.62714564  0.63349496  0.64052881  0.65090451  0.6619168
  0.67358888  0.68610624  0.6994282   0.71391833]
Iteration 1 [70.8 s]: rank_loss = 0.678968 [137.01 s],
NDCGu: [ 0.73364781  0.72560039  0.72358796  0.72628047  0.73258297  0.74099608
  0.75145621  0.7638106   0.77780249  0.79281826]
NDCGi: [ 0.62413393  0.62818421  0.63356272  0.64112776  0.65139416  0.66247565
  0.67382149  0.68658199  0.69995508  0.71430508]
Iteration 1 [84.7 s]: rank_loss = 0.680170 [144.72 s],
NDCGu: [ 0.73171627  0.72496276  0.72266359  0.72585701  0.73185847  0.74024589
  0.75087205  0.7632404   0.77749755  0.7925336 ]
NDCGi: [ 0.66133015  0.66086235  0.66409649  0.66867541  0.67653916  0.68586734
  0.69635285  0.70862671  0.72101999  0.73445136]
Iteration 2 [71.4 s]: rank_loss = 0.648086 [137.55 s],
NDCGu: [ 0.7470711   0.73613663  0.73338986  0.73516187  0.7405199   0.74854094
  0.75903458  0.77098305  0.78420325  0.79905794]
NDCGi: [ 0.66523079  0.66297586  0.66490098  0.6702561   0.67802468  0.68728891
  0.69762993  0.70978387  0.72235613  0.73564467]
Iteration 2 [81.6 s]: rank_loss = 0.658245 [133.31 s],
NDCGu: [ 0.74481413  0.73430493  0.73238497  0.7346359   0.73962977  0.74765809
  0.75819562  0.77026681  0.78365819  0.79837156]
NDCGi: [ 0.67371808  0.66857137  0.67146842  0.67774401  0.68455161  0.69309133
  0.70311564  0.71426884  0.72652955  0.73947209]
Iteration 3 [69.1 s]: rank_loss = 0.624283 [133.79 s],
NDCGu: [ 0.75331346  0.74193298  0.73920485  0.73980448  0.74441615  0.75203844
  0.76216571  0.77425909  0.78752006  0.80158091]
NDCGi: [ 0.67388305  0.66916101  0.67244654  0.67840727  0.68541005  0.69401401
  0.70396861  0.71510307  0.72694847  0.73996342]
Iteration 3 [81.2 s]: rank_loss = 0.646289 [134.39 s],
NDCGu: [ 0.75251387  0.74113904  0.73836942  0.7390004   0.7439638   0.75179084
  0.76195144  0.77388758  0.78709192  0.80113543]
NDCGi: [ 0.67811944  0.67223808  0.67461946  0.68089158  0.68755793  0.69629591
  0.70622255  0.71690557  0.72860103  0.74173783]
Iteration 4 [68.8 s]: rank_loss = 0.615947 [134.81 s],
NDCGu: [ 0.75908921  0.74512909  0.74247684  0.74223923  0.7460789   0.75406672
  0.76413609  0.77577474  0.78895725  0.80305186]
NDCGi: [ 0.6791589   0.6737063   0.6764928   0.68188584  0.68809152  0.69702182
  0.70666625  0.71763636  0.7291513   0.74247258]
Iteration 4 [82.8 s]: rank_loss = 0.641572 [138.77 s],
NDCGu: [ 0.75859398  0.74441571  0.74181143  0.74211398  0.74599384  0.753692
  0.76388677  0.77562363  0.78876081  0.80271814]
NDCGi: [ 0.67985165  0.67490771  0.67782123  0.68281003  0.68958726  0.69781047
  0.70691208  0.71766651  0.72956157  0.74244941]
Iteration 5 [72.8 s]: rank_loss = 0.613281 [151.79 s],
NDCGu: [ 0.75996741  0.7467639   0.74255212  0.74275962  0.74692269  0.75480882
  0.76461565  0.77632026  0.78916695  0.8032971 ]
NDCGi: [ 0.6826667   0.67684844  0.6785068   0.68356397  0.69020209  0.69860205
  0.70764081  0.71828096  0.73022231  0.74327827]
Iteration 5 [87.4 s]: rank_loss = 0.640623 [152.87 s],
NDCGu: [ 0.75901374  0.74570907  0.74233647  0.74269631  0.74674204  0.7545933
  0.76441228  0.77608077  0.78903949  0.8031476 ]
NDCGi: [ 0.68303496  0.67710615  0.67854822  0.68313801  0.69030059  0.69840675
  0.70760633  0.71840329  0.73018141  0.74279617]
Iteration 6 [73.3 s]: rank_loss = 0.611284 [153.42 s],
NDCGu: [ 0.76198667  0.74665186  0.7429193   0.74307957  0.74740912  0.75496028
  0.76507159  0.77653676  0.78952301  0.80370465]
NDCGi: [ 0.68207665  0.67712332  0.67864557  0.68353328  0.69016657  0.69850128
  0.70749829  0.7184939   0.73028871  0.74300126]
Iteration 6 [88.0 s]: rank_loss = 0.639016 [158.15 s],
NDCGu: [ 0.76159332  0.74659991  0.74305399  0.74282196  0.74750025  0.75476655
  0.76497855  0.77651918  0.78945176  0.80362144]
NDCGi: [ 0.68335444  0.67821546  0.67855837  0.68353198  0.69047005  0.69861223
  0.70745591  0.71803245  0.72982139  0.74279269]
Iteration 7 [73.4 s]: rank_loss = 0.609861 [156.61 s],
NDCGu: [ 0.76294599  0.74672021  0.74231035  0.74253703  0.74681755  0.75437531
  0.76451919  0.7761495   0.78933863  0.80349257]
NDCGi: [ 0.68231967  0.67808272  0.67877708  0.68346638  0.69060995  0.69864353
  0.70761079  0.71831872  0.72982088  0.74295991]
Iteration 7 [88.5 s]: rank_loss = 0.636893 [163.36 s],
NDCGu: [ 0.76266175  0.74653325  0.74209055  0.74264859  0.74684768  0.75427822
  0.76425903  0.77595761  0.78939712  0.80345763]
NDCGi: [ 0.68244725  0.67853653  0.67836265  0.68401298  0.69048931  0.69853599
  0.70782722  0.71827297  0.73026051  0.7430338 ]
Iteration 8 [76.6 s]: rank_loss = 0.608596 [160.70 s],
NDCGu: [ 0.76203384  0.74735051  0.74204476  0.74242288  0.74659138  0.7540758
  0.76429662  0.77572167  0.78901755  0.80335859]
NDCGi: [ 0.68338516  0.67869534  0.67856928  0.6839798   0.69080571  0.69884186
  0.70793542  0.71862869  0.73028955  0.74307431]
Iteration 8 [84.5 s]: rank_loss = 0.635320 [131.70 s],
NDCGu: [ 0.76177695  0.7468944   0.74181332  0.74244474  0.74653383  0.7538754
  0.76410292  0.7755136   0.78895293  0.80326405]
NDCGi: [ 0.68486928  0.67899074  0.67960772  0.68369756  0.69081625  0.69885069
  0.70758918  0.71887467  0.73077492  0.74331936]
Iteration 9 [69.8 s]: rank_loss = 0.606472 [134.05 s],
NDCGu: [ 0.76103144  0.74581069  0.74096315  0.74180489  0.74589191  0.7536278
  0.76386968  0.77542434  0.78852012  0.80280356]
NDCGi: [ 0.68479142  0.6789949   0.67936803  0.6836827   0.6905763   0.69880929
  0.70782773  0.71861019  0.7304248   0.74333193]
Iteration 9 [83.0 s]: rank_loss = 0.633184 [135.45 s],
NDCGu: [ 0.76157571  0.74591009  0.74116235  0.74180907  0.74603025  0.75350137
  0.76403593  0.77551536  0.78856863  0.80277341]
NDCGi: [ 0.68435848  0.67870883  0.6790372   0.68314925  0.69050787  0.69832662
  0.7072504   0.71807311  0.729962    0.74288044]
Iteration 10 [69.0 s]: rank_loss = 0.604574 [139.38 s],
NDCGu: [ 0.76225268  0.74560238  0.74126173  0.74164762  0.74603369  0.75366895
  0.76367928  0.77529702  0.78826114  0.80261632]
NDCGi: [ 0.68430261  0.67869349  0.67915263  0.68358304  0.69028931  0.69819213
  0.70756296  0.71828234  0.72984736  0.74282533]
Iteration 10 [82.7 s]: rank_loss = 0.631755 [133.13 s],
NDCGu: [ 0.76262653  0.74534026  0.74116975  0.74156344  0.74601768  0.75334246
  0.76350468  0.7752406   0.78820682  0.8025627 ]
NDCGi: [ 0.68570817  0.67959059  0.67972173  0.68391988  0.69020969  0.6980388
  0.70740591  0.71781343  0.72969584  0.74269565]
Iteration 11 [68.2 s]: rank_loss = 0.603203 [132.73 s],
NDCGu: [ 0.76239354  0.74575396  0.74059842  0.74114678  0.74531825  0.75331706
  0.76345483  0.77509178  0.78821437  0.80226594]
NDCGi: [ 0.68564964  0.67966011  0.67942603  0.68317669  0.69012104  0.69828486
  0.70713074  0.71771054  0.72958239  0.74258515]
Iteration 11 [82.1 s]: rank_loss = 0.629880 [131.22 s],
NDCGu: [ 0.76149553  0.74531726  0.74040172  0.74064077  0.74501217  0.75298845
  0.76305967  0.77479221  0.78789264  0.80199138]
NDCGi: [ 0.68529696  0.67870398  0.67992101  0.68342841  0.69024098  0.69797791
  0.70683369  0.71743644  0.72941064  0.74215772]
Iteration 12 [68.4 s]: rank_loss = 0.601857 [131.95 s],
NDCGu: [ 0.76171972  0.74523164  0.74024558  0.74041643  0.74479243  0.75292727
  0.7629607   0.77442314  0.78775694  0.80181559]
NDCGi: [ 0.68629163  0.67903023  0.68012546  0.68345174  0.69019035  0.69811248
  0.70696286  0.71751379  0.72921653  0.74219781]
Iteration 12 [82.1 s]: rank_loss = 0.628226 [133.21 s],
NDCGu: [ 0.76198227  0.74497019  0.74010407  0.74021901  0.74460376  0.75278698
  0.76272877  0.77425821  0.78756039  0.8014588 ]
NDCGi: [ 0.68657228  0.67837197  0.67963252  0.68334202  0.68911815  0.6975484
  0.70679018  0.71720945  0.72916841  0.74196783]
Iteration 13 [68.3 s]: rank_loss = 0.600486 [132.57 s],
NDCGu: [ 0.762336    0.7446945   0.73971165  0.74048306  0.74496927  0.75265635
  0.762235    0.7740441   0.78741951  0.80153939]
NDCGi: [ 0.68676081  0.67836323  0.67962998  0.68290988  0.6891984   0.69734424
  0.70658499  0.71688029  0.72895745  0.74186089]
Iteration 13 [81.7 s]: rank_loss = 0.627217 [132.61 s],
NDCGu: [ 0.76204421  0.74495752  0.73956238  0.74022607  0.74435228  0.7522768
  0.76176886  0.77377931  0.78715176  0.80123817]
NDCGi: [ 0.68637937  0.67769788  0.67911575  0.68286056  0.68910586  0.69726158
  0.70661932  0.71715668  0.72900401  0.74180309]
Iteration 14 [69.0 s]: rank_loss = 0.599375 [133.07 s],
NDCGu: [ 0.7594923   0.74354406  0.73869654  0.73938714  0.7440233   0.75176966
  0.76173728  0.77340998  0.78698537  0.80098164]
NDCGi: [ 0.68649651  0.67754847  0.67907777  0.68272717  0.68879467  0.69685986
  0.70615172  0.71675306  0.72875154  0.74146615]
Iteration 14 [82.5 s]: rank_loss = 0.625935 [134.33 s],
NDCGu: [ 0.75934389  0.74357694  0.73865197  0.73899879  0.74349214  0.75135209
  0.76151164  0.77321483  0.78657935  0.80073625]
NDCGi: [ 0.68786121  0.67831849  0.67948783  0.68348509  0.69006485  0.69800522
  0.70654628  0.7175586   0.72946297  0.74214006]
Iteration 15 [72.0 s]: rank_loss = 0.598392 [147.90 s],
NDCGu: [ 0.76049125  0.74372233  0.73853043  0.73976109  0.74387174  0.75133404
  0.76157076  0.7730847   0.78657495  0.80086418]
NDCGi: [ 0.68496703  0.67723715  0.67848203  0.68258106  0.68899123  0.69713428
  0.70596658  0.71681906  0.7286923   0.7414574 ]
Iteration 15 [85.8 s]: rank_loss = 0.624229 [145.87 s],
NDCGu: [ 0.75961871  0.74326622  0.73798166  0.73912337  0.74298751  0.75093972
  0.76081798  0.77269686  0.78604116  0.80038823]
NDCGi: [ 0.68524178  0.67765858  0.67849786  0.6829317   0.68966552  0.69738936
  0.70638192  0.71740999  0.72912582  0.74207933]
Iteration 16 [71.9 s]: rank_loss = 0.597559 [145.23 s],
NDCGu: [ 0.75993156  0.74349233  0.73825206  0.73897141  0.74315202  0.75073327
  0.76099879  0.77273284  0.78626941  0.80052052]
NDCGi: [ 0.68578546  0.67749797  0.6789287   0.68277494  0.68931987  0.69708647
  0.7061008   0.71693879  0.72873217  0.7417581 ]
Iteration 16 [85.0 s]: rank_loss = 0.622622 [143.94 s],
NDCGu: [ 0.75984667  0.74357523  0.73795677  0.7388931   0.7427176   0.75046472
  0.76073316  0.77240185  0.78599661  0.80040066]
NDCGi: [ 0.68828547  0.67810854  0.67844137  0.68368348  0.69039989  0.69841746
  0.70691053  0.71789781  0.7296138   0.74237467]
Iteration 17 [71.4 s]: rank_loss = 0.596468 [143.20 s],
NDCGu: [ 0.75871284  0.74254191  0.73829944  0.73898937  0.74288195  0.75040623
  0.76071348  0.77223899  0.78580653  0.80040839]
NDCGi: [ 0.68650791  0.67788129  0.67863099  0.68359266  0.69011751  0.69823288
  0.70678679  0.7177612   0.72934541  0.74219405]
Iteration 17 [85.3 s]: rank_loss = 0.621419 [144.32 s],
NDCGu: [ 0.75854524  0.74289362  0.7378136   0.73868397  0.74238706  0.74990209
  0.76021485  0.77199039  0.78552329  0.79996579]
NDCGi: [ 0.68653585  0.67881801  0.67890108  0.68386227  0.69025258  0.69869896
  0.70794725  0.71821357  0.73014606  0.74290649]
Iteration 18 [71.5 s]: rank_loss = 0.595724 [144.25 s],
NDCGu: [ 0.75895998  0.74285959  0.73807098  0.73863962  0.74299972  0.75066431
  0.76051886  0.77214105  0.78593802  0.80027151]
NDCGi: [ 0.68695669  0.67870251  0.67890387  0.68399191  0.6903552   0.69892376
  0.70769269  0.71814438  0.72990875  0.74259026]
Iteration 18 [85.9 s]: rank_loss = 0.618669 [145.26 s],
NDCGu: [ 0.75931968  0.74268123  0.73788678  0.73836296  0.74247224  0.75024968
  0.76017382  0.77185102  0.78550186  0.79965699]
NDCGi: [ 0.68554124  0.67878751  0.67894385  0.68363988  0.69021428  0.69895037
  0.70823984  0.7188932   0.73054925  0.74328546]
Iteration 19 [71.8 s]: rank_loss = 0.594090 [144.92 s],
NDCGu: [ 0.75821384  0.74299105  0.738239    0.73844899  0.74226723  0.75020626
  0.76023724  0.77198036  0.78516444  0.80007654]
NDCGi: [ 0.68640509  0.6788518   0.67894574  0.6837963   0.68986771  0.6984855
  0.70795824  0.71894061  0.73032246  0.74301634]
Iteration 19 [85.5 s]: rank_loss = 0.616564 [145.35 s],
NDCGu: [ 0.75862354  0.74266347  0.73772572  0.73771481  0.7419435   0.74974004
  0.76010646  0.77173621  0.78502764  0.79959454]
NDCGi: [ 0.68747135  0.67955996  0.67957594  0.68495407  0.69094447  0.69905458
  0.70856945  0.71912044  0.73123082  0.74388212]
Iteration 20 [71.7 s]: rank_loss = 0.593440 [144.73 s],
NDCGu: [ 0.75955524  0.74256976  0.73773535  0.73820293  0.74206541  0.74994677
  0.76027178  0.77192807  0.78522952  0.79981701]
NDCGi: [ 0.68727085  0.67977374  0.67961098  0.68442888  0.69067061  0.69855418
  0.70819504  0.71924761  0.73102472  0.7435842 ]
Iteration 20 [85.1 s]: rank_loss = 0.613653 [143.70 s],
NDCGu: [ 0.75935616  0.74285567  0.73779018  0.7378184   0.7419146   0.74953897
  0.75999721  0.77148633  0.78496803  0.79946297]
NDCGi: [ 0.68791924  0.68063698  0.68060661  0.68501772  0.69101782  0.69936765
  0.70881775  0.71930109  0.73140073  0.74391892]
Iteration 21 [72.1 s]: rank_loss = 0.591844 [145.24 s],
NDCGu: [ 0.7584846   0.74189748  0.73678867  0.7378159   0.74197007  0.74973018
  0.7600027   0.77153048  0.78487234  0.7993303 ]
NDCGi: [ 0.68802086  0.67966734  0.68044611  0.68501828  0.69127007  0.69928071
  0.70859171  0.71913107  0.73141097  0.74423454]
Iteration 21 [86.2 s]: rank_loss = 0.610150 [145.10 s],
NDCGu: [ 0.75819344  0.74213935  0.73649856  0.73765912  0.74142493  0.74936956
  0.75951779  0.77118431  0.78447916  0.79907991]
NDCGi: [ 0.68619648  0.67925006  0.67909944  0.6833524   0.69027331  0.69849586
  0.7078857   0.71840304  0.73040687  0.74331445]
Iteration 22 [71.0 s]: rank_loss = 0.589691 [143.54 s],
NDCGu: [ 0.75746145  0.74176809  0.73680778  0.73743883  0.74165545  0.74952492
  0.75959788  0.77134392  0.78470536  0.79914544]
NDCGi: [ 0.68631799  0.67895536  0.67912474  0.68338011  0.69046988  0.69833487
  0.70785264  0.71836224  0.73066811  0.74333518]
Iteration 22 [85.2 s]: rank_loss = 0.607187 [143.86 s],
NDCGu: [ 0.75780827  0.74221641  0.73669469  0.73731999  0.74154979  0.74916473
  0.75920866  0.77106633  0.78444976  0.79888125]
NDCGi: [ 0.68653002  0.67844053  0.67837701  0.68281524  0.68962961  0.69734624
  0.70690058  0.71768898  0.73001294  0.74287567]
Iteration 23 [71.4 s]: rank_loss = 0.588165 [143.47 s],
NDCGu: [ 0.75636975  0.74072051  0.73590791  0.73724639  0.74135181  0.74921562
  0.75906461  0.77091783  0.78431082  0.79876895]
NDCGi: [ 0.68638856  0.6781642   0.67860136  0.68273572  0.68934559  0.69739291
  0.70716219  0.71793918  0.72992383  0.74278352]
Iteration 23 [85.5 s]: rank_loss = 0.604027 [143.46 s],
NDCGu: [ 0.75605061  0.74088746  0.73647862  0.73682728  0.74110336  0.74916342
  0.75881127  0.77057536  0.78374599  0.79847358]
NDCGi: [ 0.68337433  0.67635468  0.67623917  0.68061941  0.68709876  0.6959277
  0.70594578  0.71677044  0.72830137  0.74167761]
Iteration 24 [71.3 s]: rank_loss = 0.586114 [144.67 s],
NDCGu: [ 0.75506047  0.74132548  0.73524222  0.73658663  0.74098495  0.74882855
  0.75903186  0.77071309  0.78414487  0.79869446]
NDCGi: [ 0.68317078  0.67599868  0.67650567  0.68051615  0.68700674  0.69571039
  0.70589912  0.71643409  0.72841141  0.74172268]
Iteration 24 [86.6 s]: rank_loss = 0.600883 [135.29 s],
NDCGu: [ 0.75427126  0.7406677   0.73521171  0.73618722  0.74051512  0.7483186
  0.75845609  0.770331    0.78378377  0.79828643]
NDCGi: [ 0.68102072  0.67551663  0.67532853  0.67936309  0.68604078  0.69491269
  0.70466745  0.71559149  0.72761525  0.74065874]
Iteration 25 [68.5 s]: rank_loss = 0.583566 [137.20 s],
NDCGu: [ 0.75480924  0.73935112  0.73498334  0.73573838  0.74016446  0.74811182
  0.75821993  0.7702026   0.78367268  0.79790701]
NDCGi: [ 0.68019235  0.67414604  0.67498045  0.6790217   0.6856012   0.69467644
  0.7043889   0.71529153  0.72678516  0.74078278]
Iteration 25 [82.4 s]: rank_loss = 0.598409 [135.56 s],
NDCGu: [ 0.75599275  0.74018779  0.73500309  0.73589037  0.73990895  0.74847289
  0.75806293  0.77016401  0.78350488  0.79794047]
NDCGi: [ 0.67981009  0.67430495  0.67397596  0.67806694  0.68490142  0.69364724
  0.70348175  0.71457283  0.72639684  0.7397885 ]
Iteration 26 [68.9 s]: rank_loss = 0.581294 [134.44 s],
NDCGu: [ 0.75356882  0.73845802  0.73321593  0.73474526  0.73938982  0.74745812
  0.75735908  0.76956476  0.78305453  0.79745298]
NDCGi: [ 0.67852407  0.67317623  0.67362563  0.67704445  0.68445985  0.69322241
  0.70289302  0.71409782  0.72596599  0.73979415]
Iteration 26 [82.0 s]: rank_loss = 0.595770 [133.27 s],
NDCGu: [ 0.75377917  0.73904243  0.73346066  0.73446739  0.73906355  0.74749634
  0.75740939  0.76958144  0.78292678  0.79722733]
NDCGi: [ 0.67899014  0.67211542  0.67308481  0.67709936  0.68401635  0.6925826
  0.70242522  0.71350466  0.72557373  0.73907904]
Iteration 27 [69.1 s]: rank_loss = 0.578849 [134.73 s],
NDCGu: [ 0.75035536  0.73792953  0.73200256  0.73324355  0.73841701  0.74642214
  0.75636765  0.76841348  0.78214003  0.7963762 ]
NDCGi: [ 0.67702297  0.67230411  0.67267193  0.67675088  0.68365682  0.69213487
  0.70217794  0.71330818  0.72533394  0.73878961]
Iteration 27 [83.0 s]: rank_loss = 0.593595 [134.83 s],
NDCGu: [ 0.75019751  0.73700136  0.73221142  0.73311698  0.73788124  0.74621326
  0.75617501  0.76842057  0.78185983  0.79617305]
NDCGi: [ 0.67764729  0.67167967  0.67196457  0.67589792  0.68248445  0.69153029
  0.70157121  0.71281116  0.72480683  0.73802606]

